
11465
11464
11463
11462
11461
11471
11470
11469
11468
11467
11473
11479
11478
11477
11476
11475
11485
11484
11483
11482
11481
11497
11496
11495
11494
11493
11503
11502
11501
11500
11499
11509
11508
11507
11506
11505
11515
11514
11513
11512
11511
11527
11526
11525
11524
11523
11533
11532
11531
11530
11529
11539
11538
11537
11536
11535
11545
11544
11543
11542
11541
11551
11550
11549
11548
11547
11563
11562
11561
11560
11559
11569
11568
11567
11566
11565
11575
11574
11573
11572
11571
11581
11580
11579
11578
11577
11587
11586
11585
11584
11583
11593
11592
11591
11590
11589
11599
11598
11597
11596
11595
11605
11604
11603
11602
11601
11617
11616
11615
11614
11613
11623
11622
11621
11620
11619
11629
11628
11627
11625
11636
11635
11634
11633
11632
11643
11642
11641
11640
11639
11649
11648
11647
11646
11645
11655
11654
11653
11652
11651
11661
11660
11659
11658
11657
